new 250
init
103 101
106 101
109 101
115 101
120 101
103 102
104 102
109 102
112 102
115 102
116 102
118 102
102 103
103 103
104 103
105 103
107 103
108 103
110 103
111 103
112 103
113 103
115 103
117 103
119 103
101 104
102 104
104 104
110 104
111 104
113 104
114 104
117 104
118 104
119 104
109 105
112 105
115 105
116 105
117 105
101 106
102 106
103 106
105 106
106 106
110 106
113 106
116 106
120 106
102 107
103 107
104 107
105 107
111 107
114 107
115 107
116 107
119 107
120 107
101 108
103 108
106 108
110 108
116 108
118 108
101 109
102 109
104 109
106 109
107 109
109 109
110 109
111 109
113 109
103 110
106 110
107 110
113 110
115 110
118 110
120 110
101 111
102 111
105 111
107 111
109 111
110 111
114 111
117 111
118 111
105 112
107 112
111 112
113 112
118 112
119 112
102 113
105 113
107 113
112 113
115 113
116 113
101 114
102 114
103 114
107 114
111 114
116 114
117 114
118 114
119 114
101 115
102 115
104 115
105 115
112 115
117 115
120 115
106 116
110 116
112 116
119 116
120 116
107 117
110 117
116 117
118 117
109 118
112 118
115 118
117 118
103 119
104 119
105 119
106 119
108 119
111 119
113 119
114 119
120 119
101 120
103 120
104 120
107 120
114 120
115 120
117 120
118 120
119 120
-1 -1
auto 50
